              precision    recall  f1-score   support

           0     0.8429    0.8399    0.8414       281
           1     0.9237    0.9098    0.9167       266
           2     0.9608    0.9496    0.9552       258
           3     0.9421    0.8941    0.9175       255
           4     0.8630    0.9474    0.9032       266
           5     0.9623    0.9127    0.9369       252
           6     0.9338    0.9442    0.9390       269
           7     0.8015    0.8425    0.8215       254
           8     0.9608    0.9574    0.9591      2277

    accuracy                         0.9322      4378
   macro avg     0.9101    0.9108    0.9100      4378
weighted avg     0.9331    0.9322    0.9324      4378
