              precision    recall  f1-score   support

           0     0.8930    0.8612    0.8768       281
           1     0.9071    0.9173    0.9121       266
           2     0.9344    0.9380    0.9362       258
           3     0.9494    0.8824    0.9146       255
           4     0.8838    0.9436    0.9127       266
           5     0.9597    0.9444    0.9520       252
           6     0.9278    0.9554    0.9414       269
           7     0.8036    0.8701    0.8355       254
           8     0.9641    0.9561    0.9601      2277

    accuracy                         0.9358      4378
   macro avg     0.9136    0.9187    0.9157      4378
weighted avg     0.9368    0.9358    0.9361      4378
